00294
00407
00055
00330
00456
00404
00042
00372
00191
00243
00053
00001
00093
00206
00064
00098
00321
00026
00075
00318
00021
00069
00444
00101
00396
00376
00320
00018
00016
00109
00002
00493
00270
00091
00129
00482
00382
00183
00458
00439
00105
00272
00405
00333
00263
00469
00335
00074
00358
00388
00127
00348
00187
00428
00244
00159
00226
00440
00108
00230
00435
00391
00387
00214
00235
00142
00148
00140
00182
00427
00040
00233
00355
00337
00347
00334
00097
00386
00498
00301
00311
00468
00174
00403
00192
00342
00277
00401
00209
00289
00305
00485
00234
00379
00377
00255
00421
00374
00393
00354
