00447
00345
00271
00013
00331
00378
00384
00237
00360
00472
00052
00446
00163
00381
00434
00431
00238
00116
00258
00114
00194
00418
00492
00467
00202
00366
00030
00298
00085
00131
00150
00312
00136
00046
00497
00145
00275
00260
00210
00357
00121
00420
00034
00086
00080
00232
00113
00402
00364
00390
00205
00090
00010
00119
00157
00071
00475
00128
00240
00394
00445
00346
00124
00228
00081
00317
00032
00306
00460
00410
00286
00043
00278
00172
00340
00147
00422
00495
00154
00005
00096
00084
00203
00196
00224
00269
00477
00315
00494
00352
00222
00461
00373
00162
00022
00015
00027
00227
00449
00236
