00241
00212
00143
00223
00089
00438
00261
00044
00123
00496
00353
00216
00466
00120
00094
00063
00398
00437
00412
00088
00117
00125
00452
00302
00455
00322
00020
00078
00425
00356
00165
00201
00066
00327
00453
00451
00470
00303
00151
00413
00007
00319
00332
00328
00190
00291
00087
00429
00262
00070
00454
00409
00152
00130
00207
00344
00198
00039
00153
00245
00037
00414
00267
00484
00432
00103
00292
00266
00293
00287
00433
00146
00367
00476
00219
00371
00008
00300
00193
00392
00253
00250
00268
00211
00122
00323
00017
00307
00077
00054
00479
00426
00126
00170
00490
00009
00035
00197
00139
00338
