00166
00184
00329
00359
00082
00049
00480
00343
00259
00489
00481
00464
00419
00349
00176
00304
00068
00380
00296
00257
00246
00423
00051
00204
00195
00050
00155
00003
00370
00092
00397
00102
00156
00488
00441
00133
00499
00186
00450
00215
00325
00465
00024
00031
00231
00313
00179
00199
00056
00200
00247
00059
00038
00029
00457
00326
00491
00060
00500
00416
00134
00099
00256
00048
00132
00168
00279
00012
00474
00220
00019
00430
00107
00483
00471
00284
00288
00314
00295
00218
00036
00138
00264
00106
00161
00242
00336
00478
00175
00299
00368
00189
00006
00185
00047
00104
00025
00424
00217
00417
