00251
00448
00309
00389
00408
00033
00115
00375
00181
00079
00239
00254
00310
00463
00014
00057
00362
00252
00280
00178
00158
00487
00028
00265
00324
00385
00411
00281
00229
00249
00365
00188
00285
00406
00110
00248
00058
00443
00208
00473
00361
00395
00023
00486
00290
00350
00149
00095
00436
00459
00137
00141
00221
00213
00341
00076
00160
00041
00169
00135
00442
00399
00225
00282
00363
00351
00167
00164
00276
00062
00274
00067
00316
00061
00415
00283
00273
00383
00065
00100
00111
00297
00144
00180
00339
00171
00173
00045
00369
00073
00462
00400
00011
00083
00072
00118
00177
00112
00004
00308
